1498120298446 41494895305 0 100 27.0
1498120469706 212754111425 0 100 26.0
1498120767009 510057042108 0 100 25.0
1498120864935 607983774385 0 100 25.0
1498121034631 777679366026 0 100 25.0
1498121094682 837730888933 0 100 25.0
1498121338167 1081215176917 0 100 26.0
1498121349660 1092708653478 0 99 27.0
1498121409720 1152768721698 0 99 26.0
1498121464937 1207985636273 0 99 26.0
1498121527263 1270311270638 0 99 26.0
1498121631479 1374527340935 0 99 26.0
1498121742553 1485601335189 0 99 26.0
1498121770781 1513829448205 0 98 26.0
1498121830841 1573889448717 0 98 26.0
1498121890900 1633948580479 0 98 26.0
1498121950970 1694018848699 0 98 26.0
1498122045431 1788479555455 0 98 26.0
1498122064940 1807988871598 0 98 26.0
1498122172778 1915826901790 0 98 26.0
1498122232822 1975870236676 0 98 26.0
1498122312279 2055327858018 0 97 27.0
1498122664942 2407990230881 0 97 29.0
1498122724970 2468018926705 0 97 28.0
1498122793532 2536580252737 0 96 28.0
1498122853570 2596618631894 0 96 28.0
1498123264939 3007987873498 0 96 27.0
1498123485367 3228415550027 0 95 27.0
1498123545414 3288461947414 0 95 27.0
1498123724186 3467233953116 0 95 28.0
1498123784247 3527295136440 0 95 28.0
1498123844309 3587357722889 0 95 28.0
1498123864940 3607987967157 0 95 28.0
1498124009513 3752561247343 0 95 28.0
1498124133855 3876903110345 0 95 28.0
1498124237347 3980395796266 0 94 29.0
1498124352218 4095265946770 0 94 29.0
1498124464937 4207985379565 0 94 29.0
1498124652793 4395841204536 0 94 29.0
1498124712872 4455920504527 0 94 29.0
1498124772910 4515958772747 0 94 29.0
1498124808897 4551945332117 0 93 29.0
1498124978010 4721058852403 0 93 29.0
1498125064944 4807991976348 0 93 29.0
1498125259145 5002193787256 0 93 29.0
1498125319151 5062199262247 0 93 29.0
1498125379208 5122256785155 0 93 29.0
1498125559109 5302157419502 0 93 29.0
1498125621033 5364081910118 0 92 29.0
1498125664947 5407995222611 0 92 29.0
1498125858453 5601501469977 0 92 29.0
1498125918518 5661566214239 0 92 29.0
1498126066275 5809323519946 0 92 29.0
1498126159253 5902301526181 0 92 30.0
1498126219315 5962363019401 0 92 30.0
1498126264940 6007988837624 0 92 30.0
1498126363482 6106530838129 0 92 30.0
1498126463273 6206321732385 0 91 30.0
1498126523329 6266377069355 0 91 30.0
1498126583388 6326436559450 0 91 30.0
1498126782904 6525952758378 0 91 30.0
1498126864938 6607986202115 0 91 30.0
1498127063453 6806501263543 0 91 30.0
1498127225266 6968314059873 0 90 31.0
1498127464940 7207988247857 0 90 31.0
1498127716102 7459150545736 0 89 31.0
1498127776097 7519145736872 0 89 31.0
1498128032834 7775882059750 0 89 31.0
1498128064939 7807987351932 0 89 31.0
1498128124998 7868046428486 0 89 31.0
1498128437204 8180252443542 0 88 32.0
1498128581715 8324763742478 0 88 32.0
1498128664937 8407985876841 0 88 32.0
1498128724997 8468045770061 0 88 32.0
1498128785017 8528064978906 0 88 32.0
1498128898622 8641670094513 0 88 32.0
1498128948019 8691067246068 0 87 32.0
1498129008066 8751114104393 0 87 32.0
1498129068129 8811177354904 0 87 32.0
1498129255067 8998115039772 0 87 32.0
1498129264940 9007988274666 0 87 32.0
1498129325009 9068057756948 0 87 32.0
1498129526715 9269763807438 0 87 32.0
1498129586768 9329816180867 0 87 32.0
1498129646833 9389880941795 0 87 32.0
1498129689209 9432256992830 0 86 32.0
1498129788088 9531136226149 0 86 32.0
1498129848152 9591200763119 0 86 32.0
1498129864941 9607989509470 0 86 32.0
1498129924999 9668047081336 0 86 32.0
1498129985063 9728111797994 0 86 32.0
1498130093227 9836275858915 0 86 32.0
1498130153286 9896334808385 0 86 32.0
1498130213346 9956394188584 0 86 32.0
1498130393277 10136325279181 0 86 32.0
1498130464938 10207986090108 0 86 32.0
1498130490482 10233529958333 0 85 32.0
1498130610590 10353638305711 0 85 32.0
1498130693305 10436353447885 0 85 32.0
1498131000312 10743359970234 0 85 32.0
1498131060364 10803412142100 0 85 32.0
1498131064939 10807987046266 0 85 32.0
1498131211637 10954685047806 0 84 32.0
1498131406968 11150016420172 0 84 32.0
1498131664942 11407990059716 0 84 32.0
1498131893652 11636700911244 0 84 32.0
1498132073009 11816057624237 0 83 32.0
1498132135169 11878217090895 0 83 32.0
1498132217600 11960648290361 0 83 32.0
1498132375351 12118399685650 0 83 32.0
1498132472634 12215682176260 0 83 32.0
1498132563002 12306050387704 0 83 32.0
1498132680453 12423501573103 0 83 32.0
1498132864942 12607990721512 0 83 32.0
1498132934386 12677434272023 0 82 32.0
1498133234425 12977473282914 0 82 33.0
1498133464940 13207988805275 0 82 33.0
1498133538296 13281344508389 0 82 33.0
1498133775733 13518781084394 0 81 33.0
1498133918332 13661380117185 0 81 33.0
1498134064944 13807992747371 0 81 33.0
1498134205161 13948209160370 0 81 33.0
1498134309237 14052285360875 0 81 33.0
1498134369283 14112331496804 0 81 33.0
1498134429340 14172388851482 0 81 33.0
1498134577027 14320075465001 0 80 32.0
1498134664942 14407990541550 0 80 32.0
1498135077845 14820893248779 0 79 35.0
1498135158650 14901698908142 0 79 37.0
1498135218713 14961761716466 0 79 37.0
1498135264938 15007986853438 0 79 37.0
1498135333379 15076427479990 0 79 37.0
1498135454525 15197573588826 0 79 36.0
1498135633214 15376262919007 0 79 35.0
1498135864940 15607988126263 0 79 36.0
1498135949533 15692581823646 0 79 37.0
1498136009594 15752642462178 0 79 37.0
1498136069655 15812703168940 0 79 36.0
1498136129715 15872763543410 0 79 37.0
1498136249677 15992725304329 0 78 38.0
1498136333927 16076975143900 0 78 38.0
1498136393959 16137007491286 0 78 38.0
1498136464935 16207983076171 0 78 37.0
1498136616666 16359714844898 0 78 36.0
1498136676725 16419773872493 0 78 35.0
1498136870671 16613719543297 0 77 35.0
1498136971453 16714501865677 0 77 37.0
1498137064945 16807993322955 0 77 38.0
1498137143929 16886977127109 0 77 39.0
1498137273512 17016560559902 0 77 41.0
1498137333575 17076623181768 0 77 41.0
1498137441256 17184304330710 0 77 41.0
1498137501324 17244372248930 0 77 40.0
1498137575834 17318882289023 0 77 39.0
1498137591845 17334893258812 0 76 39.0
1498137651877 17394925433803 0 76 39.0
1498137664937 17407985064009 0 76 39.0
1498137746588 17489636366080 0 76 38.0
1498137877815 17620863748873 0 76 38.0
1498137937886 17680934838968 0 76 37.0
1498138076985 17820033318634 0 76 37.0
1498138264937 18007985594126 0 76 36.0
1498138373656 18116704583172 0 76 37.0
1498138413151 18156199380562 0 75 38.0
1498138473171 18216219726907 0 75 38.0
1498138724058 18467106555514 0 75 38.0
1498138784115 18527163499776 0 75 37.0
1498138864939 18607987398722 0 75 37.0
1498138994096 18737144371619 0 74 39.0
1498139214419 18957467534085 0 73 39.0
1498139291611 19034659308553 0 73 38.0
1498139351671 19094719298127 0 73 38.0
1498139411730 19154778072076 0 73 37.0
1498139635079 19378127403813 0 72 37.0
1498139750434 19493482427233 0 72 36.0
1498139915537 19658585042832 0 71 38.0
1498140038960 19782008269376 0 71 37.0
1498140064940 19807988489685 0 71 36.0
1498140202296 19945344894872 0 71 35.0
1498140376280 20119328356825 0 70 35.0
1498140503483 20246531538576 0 70 35.0
1498140664938 20407986033864 0 70 36.0
1498140696773 20439821405213 0 69 35.0
1498140806712 20549760528634 0 69 35.0
1498140866774 20609822481750 0 69 35.0
1498140926836 20669883978095 0 69 35.0
1498140977233 20720280971837 0 68 35.0
1498141206292 20949340905135 0 68 36.0
1498141264957 21008005214502 0 68 36.0
1498141325010 21068058558242 0 68 35.0
1498141411484 21154531933229 0 68 35.0
1498141471546 21214594757178 0 68 35.0
1498141508115 21251163369152 0 67 34.0
1498141558173 21301221729561 0 66 34.0
1498141618211 21361259243614 0 66 34.0
1498141713468 21456516470683 0 66 34.0
1498141773524 21516572517549 0 66 34.0
1498141864935 21607983161285 0 66 36.0
1498142022009 21765056984698 0 66 37.0
1498142223162 21966210748209 0 66 36.0
1498142337595 22080643782046 0 66 36.0
1498142464937 22207985737756 0 66 35.0
1498142629870 22372918741377 0 65 35.0
1498142738059 22481107119485 0 65 35.0
1498142798103 22541151836143 0 65 35.0
1498142858164 22601212162696 0 65 35.0
1498143041026 22784074059543 0 65 35.0
1498143064939 22807987659539 0 65 35.0
1498143124998 22868046676197 0 65 35.0
1498143237470 22980517978263 0 65 35.0
1498143344953 23088000973559 0 65 35.0
1498143405032 23148080140737 0 65 35.0
1498143451198 23194246672501 0 64 34.0
1498143501289 23244337226139 0 63 35.0
1498143648030 23391078226117 0 63 36.0
1498143664938 23407986890177 0 63 37.0
1498143725014 23468062531314 0 63 37.0
1498144024604 23767652875018 0 63 38.0
1498144137883 23880931528126 0 63 38.0
1498144264938 24007986769252 0 63 37.0
1498144324986 24068034702576 0 63 38.0
1498144392681 24135729040066 0 62 38.0
1498144552941 24295989771812 0 61 39.0
1498144612993 24356040966074 0 61 39.0
1498144833399 24576447661874 0 60 41.0
1498144864938 24607986684265 0 60 41.0
1498144924951 24667999914464 0 60 40.0
1498145037531 24780579591530 0 60 39.0
1498145174331 24917379844634 0 60 39.0
1498145234389 24977437615458 0 60 38.0
1498145337141 25080189464401 0 60 38.0
1498145514477 25257525226874 0 59 37.0
1498145638840 25381888078938 0 59 37.0
1498145948760 25691808234099 0 59 35.0
1498146008821 25751869312215 0 59 35.0
1498146064937 25807985655957 0 59 35.0
1498146255653 25998701719990 0 58 38.0
1498146375871 26118919341847 0 57 36.0
1498146446840 26189888278815 0 57 36.0
1498146545118 26288166126196 0 57 35.0
1498146664934 26407982358990 0 57 37.0
1498146736438 26479486743354 0 56 36.0
1498146842554 26585602787088 0 56 35.0
1498146920412 26663460453743 0 56 34.0
1498146936747 26679795723011 0 55 34.0
1498146996824 26739872652169 0 55 33.0
1498147143258 26886306162042 0 55 32.0
1498147222425 26965473087551 0 55 32.0
1498147264941 27007989116190 0 55 32.0
1498147457586 27200634145848 0 54 32.0
1498147517638 27260685962506 0 54 32.0
1498147768082 27511130354655 0 53 34.0
1498147864937 27607985299953 0 53 34.0
1498147924965 27668013276506 0 53 34.0
1498147985027 27728075731705 0 53 34.0
1498148208783 27951831328546 0 52 35.0
1498148268827 28011875151454 0 52 35.0
1498148382079 28125127781124 0 52 34.0
1498148464938 28207986405070 0 52 33.0
1498148469195 28212243836840 0 51 33.0
1498148529247 28272295237351 0 51 33.0
1498148589311 28332358950884 0 51 33.0
1498148682229 28425277243057 0 51 32.0
1498148811479 28554527508662 0 51 32.0
1498148871539 28614587105008 0 51 31.0
1498148987072 28730120177907 0 51 30.0
1498149047090 28790138549772 0 51 30.0
1498149064937 28807985284145 0 51 30.0
1498149190349 28933397803396 0 50 33.0
1498149419770 29162818602841 0 50 31.0
1498149530897 29273945035636 0 49 30.0
1498149590945 29333993640314 0 49 30.0
1498149664937 29407985128324 0 49 29.0
1498149724997 29468045372586 0 49 29.0
1498149974012 29717060321506 0 49 29.0
1498150051730 29794778212640 0 48 28.0
1498150228058 29971106676676 0 48 28.0
1498150264937 30007985126149 0 48 28.0
1498150385068 30128116792277 0 48 28.0
1498150472402 30215450443826 0 47 30.0
1498150652706 30395754492236 0 46 31.0
1498150864938 30607986914078 0 46 34.0
1498150893075 30636123046887 0 45 34.0
1498151078687 30821735017171 0 45 32.0
1498151173535 30916582955698 0 44 31.0
1498151233578 30976626678085 0 44 31.0
1498151335768 31078816456715 0 44 31.0
1498151395804 31138851963476 0 44 30.0
1498151464942 31207990742112 0 44 30.0
1498151554806 31297854695744 0 44 30.0
1498151614875 31357923306672 0 44 30.0
1498151827355 31570403509244 0 44 30.0
1498151933436 31676484679019 0 44 30.0
1498151993494 31736542454010 0 44 30.0
1498152053532 31796580157126 0 44 30.0
1498152064956 31808004288374 0 44 30.0
1498152074967 31818015358685 0 43 30.0
1498152135007 31878055582114 0 43 30.0
1498152274187 32017235906572 0 43 30.0
1498152334226 32077274730521 0 43 30.0
1498152427421 32170469187277 0 43 30.0
1498152487482 32230530885185 0 43 30.0
1498152626547 32369595761205 0 43 30.0
1498152664938 32407986881512 0 43 30.0
1498152741016 32484064861709 0 43 30.0
1498152865557 32608605434606 0 43 30.0
1498152925622 32668670815847 0 43 30.0
1498152936342 32679389993971 0 42 30.0
1498153135864 32878912847065 0 42 30.0
1498153264938 33007986336629 0 42 30.0
1498153342358 33085406353804 0 42 30.0
1498153402425 33145473361087 0 42 30.0
1498153479450 33222498478263 0 42 30.0
1498153641174 33384222298030 0 42 30.0
1498153701241 33444289252187 0 42 30.0
1498153777684 33520732085509 0 41 30.0
1498153837703 33580751403729 0 41 30.0
1498153864949 33607997157371 0 41 30.0
1498153941191 33684239087567 0 41 30.0
1498154001252 33744300315162 0 41 30.0
1498154083421 33826469687546 0 41 30.0
1498154143484 33886532648995 0 41 30.0
1498154246523 33989571411479 0 41 30.0
1498154306577 34049625654178 0 41 30.0
1498154547594 34290642460912 0 41 30.0
1498154629042 34372090648921 0 40 30.0
1498154689093 34432141583286 0 40 30.0
1498154854360 34597408404095 0 40 30.0
1498155055893 34798940949376 0 40 30.0
1498155266772 35009820372782 0 40 30.0
1498155326831 35069879607668 0 40 30.0
1498155626827 35369875377414 0 40 29.0
1498155746676 35489724573229 0 40 29.0
1498155806745 35549792983116 0 40 29.0
1498155830961 35574009290925 0 39 29.0
1498155891010 35634057968520 0 39 29.0
1498156046716 35789764490371 0 39 29.0
1498156106775 35849823034633 0 39 29.0
1498156166840 35909888448165 0 39 29.0
1498156226895 35969943534614 0 39 29.0
1498156264941 36007989747109 0 39 29.0
1498156496889 36239937718427 0 39 29.0
1498156556956 36300004865293 0 39 29.0
1498156646811 36389858935071 0 39 29.0
1498156735801 36478849519433 0 39 28.0
1498156795867 36538915067340 0 39 28.0
1498156855929 36598977316289 0 39 28.0
1498156864941 36607989012642 0 39 28.0
1498156932714 36675762619923 0 38 28.0
1498156992742 36735790798560 0 38 28.0
1498157052807 36795855094905 0 38 28.0
1498157112868 36855916872500 0 38 28.0
1498157172940 36915988385512 0 38 28.0
1498157246872 36989920828209 0 38 28.0
1498157306936 37049984767783 0 38 28.0
1498157464944 37207992514634 0 38 28.0
1498157547159 37290207632330 0 38 28.0
1498157727384 37470432677615 0 38 28.0
1498158134641 37877689037969 0 37 28.0
1498158265855 38008903396803 0 37 27.0
1498158325916 38068964426482 0 37 28.0
1498158447000 38190048535838 0 37 28.0
1498158535703 38278751041554 0 37 28.0
1498158595755 38338802934253 0 37 28.0
1498158655810 38398858910806 0 37 27.0
1498158664939 38407987147784 0 37 27.0
1498158747293 38490341280584 0 37 27.0
1498158807355 38550403900366 0 37 27.0
1498158867411 38610459075878 0 37 27.0
1498158927445 38670493649827 0 37 27.0
1498159046972 38790020248767 0 37 27.0
1498159227148 38970196154469 0 37 27.0
1498159264943 39007991435192 0 37 27.0
1498159336556 39079604387265 0 36 27.0
1498159647066 39390114376801 0 36 27.0
1498159707123 39450171311687 0 36 27.0
1498159767142 39510190260637 0 36 27.0
1498159827239 39570287851773 0 36 27.0
1498159864938 39607986219476 0 36 27.0
1498159947489 39690537551234 0 36 27.0
1498160155671 39898719917348 0 36 27.0
1498160247195 39990243526188 0 36 27.0
1498160335804 40078852355862 0 36 27.0
1498160395861 40138909275645 0 36 27.0
1498160448339 40191387366783 0 35 27.0
1498160464953 40208001169384 0 35 27.0
1498160547196 40290244600101 0 35 27.0
1498160667312 40410360154770 0 35 27.0
1498160727376 40470424713615 0 35 27.0
1498160847192 40590240918284 0 35 27.0
1498160907257 40650305265150 0 35 27.0
1498161027372 40770420207319 0 35 27.0
1498161064940 40807988367209 0 35 27.0
1498161207292 40950340280209 0 35 27.0
1498161267353 41010401674470 0 35 27.0
1498161447356 41190404229130 0 35 26.0
1498161507415 41250463173392 0 35 26.0
1498161650260 41393308819203 0 34 26.0
1498161664947 41407994924930 0 34 26.0
1498161747612 41490660440022 0 34 26.0
1498162135869 41878917182150 0 34 26.0
1498162195929 41938977701412 0 34 26.0
1498162255961 41999009497236 0 34 25.0
1498162264947 42007995147235 0 34 25.0
1498162471569 42214617371161 0 33 26.0
1498162590328 42333376567498 0 33 26.0
1498162792632 42535680477883 0 33 27.0
1498162852666 42595714434645 0 33 27.0
1498162864966 42608014162247 0 33 28.0
1498162912260 42655308320573 0 32 28.0
1498163022456 42765504705452 0 32 28.0
1498163082522 42825570713256 0 32 28.0
1498163142588 42885636078872 0 32 28.0
1498163202640 42945688517925 0 32 28.0
1498163324470 43067518014781 0 32 29.0
1498163453153 43196201170491 0 31 30.0
1498163464936 43207984875697 0 31 30.0
1498163665661 43408709156396 0 31 30.0
1498163725741 43468789411595 0 31 30.0
1498163873806 43616854588135 0 30 31.0
1498163945611 43688659128749 0 30 31.0
1498164005654 43748702180302 0 30 30.0
1498164064934 43807982914668 0 30 30.0
1498164146074 43889122174031 0 30 29.0
1498164268925 44011973536512 0 30 29.0
1498164389041 44132089473473 0 30 29.0
1498164449109 44192157389089 0 30 29.0
1498164565592 44308640914071 0 30 29.0
1498164594958 44338006483337 0 29 28.0
1498164664937 44407984969785 0 29 28.0
1498164725002 44468050613005 0 29 28.0
1498164865659 44608707382254 0 29 28.0
1498164925739 44668787842141 0 29 27.0
1498164985785 44728833279632 0 29 27.0
1498165177336 44920384838978 0 29 27.0
1498165237404 44980452843656 0 29 27.0
1498165264939 45007987011360 0 29 27.0
1498165406246 45149293951964 0 28 27.0
1498165501655 45244703037366 0 28 26.0
1498165561744 45304792406107 0 28 26.0
1498165817857 45560905301380 0 28 26.0
1498165864977 45608025746165 0 28 26.0
1498165985027 45728075491459 0 28 26.0
1498166076156 45819204758632 0 28 26.0
1498166137429 45880477886748 0 27 26.0
1498166197473 45940521791947 0 27 26.0
1498166257534 46000582498188 0 27 26.0
1498166448374 46191422468471 0 27 26.0
1498166464947 46207995312219 0 27 26.0
1498166524996 46268044773147 0 27 26.0
1498166718354 46461402143430 0 26 26.0
